0.876448748098133 1.1579219421042 0.448287843080372 1.65459393936256 1.19392212030219 0.515222389506446 0.723247543574867 1.24632883891831 1.23687547313188 1.15701944255909 0.197568531977997 1.04783368387524 0.533937936460519 -0.130033419175468 0.184113254481944 1.19532020477124 0.338581888417315 0.949916982645688 2.35561008469536
-0.0201506617169405 0.169267703172289 0.116355454317447 0.0463378702436112 -0.123079433488937 -0.177083559295698 -0.119072006572528 -0.330851014946299 -0.296081161459273 -0.163107552653322 0.0837239046794462 0.079472451589561 -0.288427481994954 -0.263018198449847 -0.363151949577797 0.0870286219230638 -0.145464897495183 0.12019060690518 -0.140384509233648
2.54321220355622 0.383744913945855 1.00142731876132 1.59351422724719 1.21981336146784 1.6771377659282 1.08980587978823 2.43202413951618 1.61692678523858 1.19216221404969 1.88011290114965 3.14198268354787 1.64931670058027 2.95379356179764 3.15725132851587 0.665702253607477 2.72935753502065 0.903137729881484 -0.230367918382849
-0.659027494390479 -0.533345176384421 -0.454290856210796 -0.741552831743382 -0.667775625630166 -0.520089181135128 -0.560294677095274 -0.622751931344307 -0.642188116136348 -0.677196236349908 -0.542856140933426 -0.688391010260013 -0.478279442055969 -0.392699772339031 -0.447716528019222 -0.728423066086061 -0.537158577124516 -0.588441580246145 -0.584004955887305
0.342209858767596 0.068166987019747 -0.213410345667602 0.589818698283284 0.814277685940795 -0.137259280457449 -0.0260140393173323 0.216285161538933 0.419981192628631 0.786467948299663 0.110186200165228 0.482587125183665 -0.0566307422951866 -0.18787857261045 -0.167508231309257 1.45663925290272 0.0429967788469491 0.191907781863291 0.816705885959104
1.1642560489495 0.636620615330934 0.974091096674642 1.33494310634434 1.09110638194893 1.3958836924996 2.01820835876056 1.81141818078057 1.33291468566049 0.977779496519674 0.464245620097572 1.30863004621051 0.943721923841127 1.08595224535626 3.03401059687082 0.672438607066004 1.73785198666925 1.21573671874937 0.446436238845661
1.06154048887203 1.87657061181016 1.00905670634701 1.27223124879679 0.565050849575519 0.796688793629548 2.51400726412772 0.80374757208873 0.674966264496146 0.7699982387015 0.968098192907479 1.12190875770148 0.507479578708929 0.347552269796357 0.446072891201059 0.757003782963243 0.824990254585122 2.71346785461739 0.370314380924128
2.46090423784992 0.898616913313308 2.61710382994844 1.77539414932601 1.23456224975319 3.52718624921107 0.616953314172941 2.06204166033476 2.59978436813168 1.74570706638165 4.18238538814395 1.81977669625923 4.45070748833313 4.67460817007709 2.73878232012584 0.970693864439033 4.26086367927397 0.989718740959926 -0.306631352845266
0.865757905084133 3.76838549261339 2.04865592677763 1.67605534871571 0.766467176784729 2.30791700104561 2.88077005232514 1.77805901105901 1.35777408801394 1.16174674595354 1.31778472899925 1.44820394595112 1.14562868820772 0.234174143006079 1.31231776961397 1.07554401493665 0.505014604417134 1.94953115452736 2.21555790938289
1.07037608181989 1.88572839157231 2.02711854846674 1.27620708472877 1.04973916681937 3.05375550402696 3.34541803596094 1.61015434570115 2.58863514292939 1.31552761821768 1.53626523547827 1.25034262199868 1.99016161398242 1.75089827210466 2.90295909199414 0.858199502045683 1.37601264615347 1.70157016121098 0.992453491207973
0.690042663018619 0.182047063481764 -0.01733995503573 1.15227498637174 2.21308889985074 0.200043788240782 0.161240777183192 0.762161834910409 1.15931131132276 1.80015380004384 0.270354100325017 0.801156832872918 0.292026908640666 -0.0485614000509481 0.0649089691738633 1.9295150900669 0.211249599196618 0.159626057461264 2.28204430163739
2.94211827239659 1.51901424680972 1.62152431487139 1.8518009090626 0.926497933291651 1.82521129104893 1.1980483255789 1.26876161209311 1.12542835183457 1.10300288289574 2.38656539440117 1.86347876667247 1.67755444989514 1.93203940261859 0.856835588717454 0.963640582127271 2.21986510898796 1.7619742494828 -0.260600168145931
3.02692417698742 2.56450770087011 5.06697065544282 1.59621229447518 1.02788405252941 3.02247290660178 0.813191492404213 1.47059183821906 2.3039875765829 1.55733573341784 3.34588608818829 1.7500394619371 4.34418092887197 2.9867945836898 1.23179515127907 1.18555848849155 2.23878161402507 2.18358740435101 -0.266758895278835
0.902879843800478 0.253137732147808 0.0454522801799033 1.03747257732472 0.705866421002242 0.128351082007565 0.701718309702351 1.10905831701033 0.567856570377133 0.826307835508547 0.662640527088486 0.898206452477585 0.153224272224871 0.329816214318292 0.122665661070366 0.734181932360145 0.711989713220209 0.907241181330592 0.292893471101077
